1 0.06171875 0.4609375 0.121875 0.05625
1 0.075 0.7390625 0.15 0.134375
1 0.13984375 0.63046875 0.2796875 0.1453125
1 0.165625 0.32578125 0.315625 0.15
1 0.2375 0.06875 0.425 0.1375
1 0.2640625 0.20703125 0.4203125 0.1703125
1 0.2875 0.88671875 0.403125 0.153125
1 0.315625 0.4171875 0.3375 0.140625
1 0.35625 0.5734375 0.396875 0.15625
1 0.35859375 0.79296875 0.4015625 0.1515625
1 0.475 0.71484375 0.3953125 0.140625
1 0.4984375 0.525 0.3453125 0.146875
1 0.5859375 0.22109375 0.3984375 0.14375
1 0.69140625 0.4421875 0.3921875 0.196875
1 0.73046875 0.05859375 0.359375 0.1125
1 0.796875 0.7546875 0.2921875 0.1609375
1 0.84765625 0.19453125 0.26875 0.1421875
1 0.85 0.5796875 0.1390625 0.078125
1 0.93515625 0.3671875 0.1296875 0.090625
1 0.96953125 0.12265625 0.0609375 0.0640625