2 0.09296875 0.72421875 0.1859375 0.4984375
2 0.12890625 0.69375 0.15 0.44375
2 0.20390625 0.66953125 0.1953125 0.5703125
2 0.296875 0.70859375 0.1140625 0.409375
2 0.36484375 0.678125 0.14375 0.4640625
2 0.4265625 0.6640625 0.1703125 0.5734375
2 0.5125 0.64375 0.171875 0.5328125
2 0.6421875 0.62109375 0.1484375 0.5328125
2 0.69375 0.61640625 0.1578125 0.553125
2 0.76640625 0.59453125 0.159375 0.5265625
2 0.8078125 0.534375 0.1765625 0.6796875
2 0.89609375 0.6125 0.14375 0.4515625
2 0.9453125 0.596875 0.109375 0.490625