1 0.93203125 0.5828125 0.1265625 0.071875
1 0.853125 0.85078125 0.1859375 0.1546875
1 0.81640625 0.72734375 0.30625 0.18125
1 0.853125 0.42421875 0.29375 0.1890625
1 0.828125 0.14140625 0.34375 0.2265625
1 0.7953125 0.2828125 0.409375 0.225
1 0.59765625 0.9140625 0.4140625 0.171875
1 0.7 0.47109375 0.346875 0.1828125
1 0.61796875 0.61015625 0.4078125 0.2078125
1 0.5546875 0.82109375 0.4125 0.2046875
1 0.46484375 0.7140625 0.403125 0.1921875
1 0.49453125 0.52421875 0.35625 0.190625
1 0.49453125 0.2078125 0.40625 0.1953125
1 0.33203125 0.39140625 0.4078125 0.2453125
1 0.4 0.04609375 0.365625 0.0921875
1 0.1484375 0.6625 0.296875 0.196875
1 0.25 0.1109375 0.2796875 0.1765625
1 0.14140625 0.48046875 0.1453125 0.0953125
1 0.1125 0.25078125 0.1484375 0.1078125
1 0.13828125 0.0203125 0.0953125 0.040625