1 0.06015625 0.49140625 0.11953125 0.0484375
1 0.08203125 0.76953125 0.1640625 0.1234375
1 0.14296875 0.65625 0.2859375 0.125
1 0.15390625 0.34921875 0.30703125 0.128125
1 0.2078125 0.071875 0.415625 0.14375
1 0.24453125 0.22421875 0.41171875 0.1421875
1 0.31484375 0.90078125 0.39609375 0.12578125
1 0.31015625 0.43046875 0.3296875 0.1171875
1 0.36171875 0.58359375 0.3890625 0.1296875
1 0.3796875 0.80234375 0.39453125 0.125
1 0.48984375 0.71640625 0.38828125 0.1140625
1 0.5 0.525 0.33828125 0.1234375
1 0.56640625 0.215625 0.390625 0.1171875
1 0.68671875 0.42890625 0.38125 0.1703125
1 0.69921875 0.04375 0.3546875 0.0875
1 0.8140625 0.73359375 0.28359375 0.14140625
1 0.82578125 0.17109375 0.26015625 0.125
1 0.8546875 0.55546875 0.134375 0.06953125
1 0.93125 0.33671875 0.13515625 0.08125
1 0.95625 0.090625 0.084375 0.0578125