2 0.94609375 0.63359375 0.1078125 0.4890625
2 0.90390625 0.6125 0.075 0.440625
2 0.825 0.6046875 0.0984375 0.5640625
2 0.7421875 0.6625 0.04375 0.409375
2 0.66875 0.64609375 0.0640625 0.4625
2 0.60546875 0.6453125 0.071875 0.5734375
2 0.5171875 0.64375 0.08125 0.5296875
2 0.3859375 0.6484375 0.05625 0.534375
2 0.334375 0.6546875 0.0625 0.5546875
2 0.25859375 0.64765625 0.06875 0.525
2 0.20625 0.59765625 0.059375 0.6828125
2 0.1359375 0.6921875 0.0671875 0.45
2 0.0625 0.69296875 0.0703125 0.4890625