2 0.77890625 0.140625 0.3046875 0.203125
2 0.76015625 0.05625 0.2859375 0.1125
2 0.83984375 0.42421875 0.3203125 0.1890625
2 0.8546875 0.56328125 0.290625 0.1796875
2 0.871875 0.709375 0.25625 0.190625
2 0.8265625 0.290625 0.278125 0.15
2 0.5703125 0.85546875 0.346875 0.2
2 0.31328125 0.05859375 0.3484375 0.1171875
2 0.4421875 0.54765625 0.3515625 0.203125
2 0.40078125 0.38359375 0.3421875 0.1984375
2 0.346875 0.20390625 0.3421875 0.184375
2 0.1 0.27421875 0.2 0.1953125
2 0.0984375 0.40859375 0.196875 0.1359375
2 0.11484375 0.534375 0.2296875 0.146875
2 0.115625 0.66171875 0.1875 0.109375
2 0.14921875 0.7984375 0.196875 0.1515625