2 0.1421875 0.21875 0.2796875 0.140625
2 0.1328125 0.10234375 0.265625 0.1140625
2 0.15078125 0.50859375 0.3015625 0.11875
2 0.15390625 0.6515625 0.3078125 0.1078125
2 0.1546875 0.80234375 0.309375 0.11875
2 0.1328125 0.37578125 0.2640625 0.0890625
2 0.51796875 0.86171875 0.3265625 0.125
2 0.57265625 0.021875 0.3484375 0.04375
2 0.5671875 0.53203125 0.33125 0.128125
2 0.56796875 0.36328125 0.321875 0.125
2 0.57734375 0.17578125 0.3265625 0.1078125
2 0.871875 0.17421875 0.2546875 0.1375
2 0.8875 0.31015625 0.225 0.084375
2 0.8875 0.4390625 0.2234375 0.096875
2 0.91171875 0.5640625 0.175 0.06875
2 0.9125 0.7046875 0.175 0.1125